{
  "nbformat": 4,
  "nbformat_minor": 0,
  "metadata": {
    "colab": {
      "name": "k-means",
      "provenance": [],
      "collapsed_sections": [],
      "toc_visible": true
    },
    "kernelspec": {
      "name": "python3",
      "display_name": "Python 3"
    }
  },
  "cells": [
    {
      "cell_type": "markdown",
      "metadata": {
        "id": "rPkjZG6LkRDq"
      },
      "source": [
        "## Mount drive\n"
      ]
    },
    {
      "cell_type": "code",
      "metadata": {
        "id": "xPYgHrJLkYQ0",
        "outputId": "99acee13-1d3f-4d2d-e5b5-fe5f56d13270",
        "colab": {
          "base_uri": "https://localhost:8080/"
        }
      },
      "source": [
        "dataset_size = 150\n",
        "# dataset_size = 15000000\n",
        "\n",
        "try:\n",
        "    from google.colab import drive\n",
        "    drive.mount('/content/drive', force_remount=True)\n",
        "    print('Note: using Google CoLab')\n",
        "    COLAB = True\n",
        "except:\n",
        "    print('Note: not using Google Colab')\n",
        "    COLAB = False\n",
        "\n",
        "if COLAB:\n",
        "    root_path = \"/content/drive/My Drive/UPT/Master/Big Data/Dataset1\"\n",
        "else:\n",
        "    root_path = \"./data/\""
      ],
      "execution_count": 182,
      "outputs": [
        {
          "output_type": "stream",
          "text": [
            "Mounted at /content/drive\n",
            "Note: using Google CoLab\n"
          ],
          "name": "stdout"
        }
      ]
    },
    {
      "cell_type": "markdown",
      "metadata": {
        "id": "tjkFDZCmkisS"
      },
      "source": [
        "## Process data\n",
        "\n"
      ]
    },
    {
      "cell_type": "code",
      "metadata": {
        "id": "_GCfqekZkshc",
        "outputId": "35100f23-a890-425d-ffc4-28ebdba622a9",
        "colab": {
          "base_uri": "https://localhost:8080/"
        }
      },
      "source": [
        "import numpy as np\n",
        "import pandas as pd\n",
        "import os\n",
        "\n",
        "np.random.seed(50)\n",
        "\n",
        "# read dataset\n",
        "dirname = os.path.join(root_path, f'Iris-{str(dataset_size)}.txt')\n",
        "df = pd.read_csv(dirname, header=None)\n",
        "print(df)\n",
        "\n",
        "# init cluster number\n",
        "K = 3"
      ],
      "execution_count": 183,
      "outputs": [
        {
          "output_type": "stream",
          "text": [
            "       0    1    2    3               4\n",
            "0    5.1  3.5  1.4  0.2     Iris-setosa\n",
            "1    4.9  3.0  1.4  0.2     Iris-setosa\n",
            "2    4.7  3.2  1.3  0.2     Iris-setosa\n",
            "3    4.6  3.1  1.5  0.2     Iris-setosa\n",
            "4    5.0  3.6  1.4  0.2     Iris-setosa\n",
            "..   ...  ...  ...  ...             ...\n",
            "145  6.7  3.0  5.2  2.3  Iris-virginica\n",
            "146  6.3  2.5  5.0  1.9  Iris-virginica\n",
            "147  6.5  3.0  5.2  2.0  Iris-virginica\n",
            "148  6.2  3.4  5.4  2.3  Iris-virginica\n",
            "149  5.9  3.0  5.1  1.8  Iris-virginica\n",
            "\n",
            "[150 rows x 5 columns]\n"
          ],
          "name": "stdout"
        }
      ]
    },
    {
      "cell_type": "markdown",
      "metadata": {
        "id": "o6_n0klVktug"
      },
      "source": [
        "## K-Means"
      ]
    },
    {
      "cell_type": "code",
      "metadata": {
        "id": "6pRd__HG1foY",
        "outputId": "8502ca86-06e6-40d5-8991-7c82d288b179",
        "colab": {
          "base_uri": "https://localhost:8080/"
        }
      },
      "source": [
        "def euclidean_distance(a, b):\n",
        "  # print('euclidean_distance')\n",
        "  # print(a)\n",
        "  # print(b)\n",
        "  return np.sqrt(np.sum( [((a[i] - b[i])**2) for i in range(4)]  ))\n",
        "euclidean_distance([1,1,1,0],[0,0,0,1])"
      ],
      "execution_count": 184,
      "outputs": [
        {
          "output_type": "execute_result",
          "data": {
            "text/plain": [
              "2.0"
            ]
          },
          "metadata": {
            "tags": []
          },
          "execution_count": 184
        }
      ]
    },
    {
      "cell_type": "code",
      "metadata": {
        "id": "R3T9P3hHvXw1"
      },
      "source": [
        "def get_random_centroids():\n",
        "  return [ np.random.uniform(0,8,[4]).tolist() for i in range(K) ]\n",
        "  # return {\n",
        "  #     i+1: np.random.uniform(0,8,[4]).tolist() for i in range(K) }\n",
        "      # 3 points between 0 and 8\n",
        "      # i+1: np.random.rand(3,1)*8\n",
        "# print(get_random_centroids())"
      ],
      "execution_count": 185,
      "outputs": []
    },
    {
      "cell_type": "code",
      "metadata": {
        "id": "pFvSuJCB2bar"
      },
      "source": [
        "def closest_centroid(row, centroids):\n",
        "  # distance of the current row to each centroid\n",
        "  distances = [euclidean_distance(row, point) for point in centroids]\n",
        "  closest_index = np.argmin(distances)\n",
        "  return closest_index\n",
        "\n",
        "def create_clusters(centroids):\n",
        "  # Assign the samples to the closest centroids to create clusters\n",
        "  clusters = [[] for _ in range(K)]\n",
        "  for index, row in df.iterrows():\n",
        "  # for idx, sample in enumerate(df):\n",
        "    sample = np.delete(row.to_numpy(),-1) # convert to np array & trim last column\n",
        "    centroid_idx = closest_centroid(sample, centroids)\n",
        "    # print(centroid_idx)\n",
        "    clusters[centroid_idx-1].append(index)\n",
        "\n",
        "  return clusters"
      ],
      "execution_count": 186,
      "outputs": []
    },
    {
      "cell_type": "code",
      "metadata": {
        "id": "aGaPPyHB8MGW"
      },
      "source": [
        "def get_centroids(clusters):\n",
        "  # assign mean value of clusters to centroids\n",
        "  centroids = np.zeros((K, 4))\n",
        "  df_np=np.delete(df.to_numpy(),-1, 1)\n",
        "  for cluster_idx, cluster in enumerate(clusters):\n",
        "      # print(cluster)\n",
        "      # print(df_np[cluster])\n",
        "      if not df_np[cluster].any():\n",
        "        centroids[cluster_idx] = np.random.uniform(0,8,[4,])\n",
        "      else:\n",
        "        cluster_mean = np.mean(df_np[cluster], axis=0)\n",
        "        print(cluster_mean)\n",
        "        centroids[cluster_idx] = cluster_mean\n",
        "  return centroids\n",
        "\n",
        "def is_converged(centroids_old, centroids):\n",
        "  # distances between each old and new centroids, fol all centroids\n",
        "  distances = [euclidean_distance(centroids_old[i], centroids[i]) for i in range(K)]\n",
        "  print('Distances')\n",
        "  print(distances)\n",
        "  return sum(distances) < 1"
      ],
      "execution_count": 187,
      "outputs": []
    },
    {
      "cell_type": "code",
      "metadata": {
        "id": "dzwwAoLAxgB9",
        "outputId": "2a2ae71e-e300-44c5-9d75-578cce30ef11",
        "colab": {
          "base_uri": "https://localhost:8080/"
        }
      },
      "source": [
        "max_iters = 10000\n",
        "centroids = get_random_centroids()\n",
        "print(centroids)\n",
        "i=0\n",
        "# Optimize clusters\n",
        "for _ in range(max_iters):\n",
        "    # Assign samples to closest centroids (create clusters)\n",
        "    clusters = create_clusters(centroids)\n",
        "    print(clusters)\n",
        "    # Calculate new centroids from the clusters\n",
        "    centroids_old = centroids\n",
        "    centroids = get_centroids(clusters)\n",
        "    print(centroids_old)\n",
        "    print(centroids)\n",
        "    # check if clusters have changed\n",
        "    i=i+1\n",
        "    if i==5000:\n",
        "      break\n",
        "    if is_converged(centroids_old, centroids):\n",
        "        break"
      ],
      "execution_count": 190,
      "outputs": [
        {
          "output_type": "stream",
          "text": [
            "\u001b[1;30;43mStreaming output truncated to the last 5000 lines.\u001b[0m\n",
            "[6.853846153846153 3.0769230769230766 5.715384615384615 2.053846153846153]\n",
            "[[6.85384615 3.07692308 5.71538462 2.05384615]\n",
            " [5.006      3.418      1.464      0.244     ]\n",
            " [5.88360656 2.74098361 4.38852459 1.43442623]]\n",
            "[[5.006      3.418      1.464      0.244     ]\n",
            " [5.88360656 2.74098361 4.38852459 1.43442623]\n",
            " [6.85384615 3.07692308 5.71538462 2.05384615]]\n",
            "Distances\n",
            "[4.988054041834384, 3.346416464356445, 1.7884235436555784]\n",
            "[[51, 53, 54, 55, 56, 57, 58, 59, 60, 61, 62, 63, 64, 65, 66, 67, 68, 69, 70, 71, 72, 73, 74, 75, 76, 78, 79, 80, 81, 82, 83, 84, 85, 86, 87, 88, 89, 90, 91, 92, 93, 94, 95, 96, 97, 98, 99, 101, 106, 113, 114, 119, 121, 123, 126, 127, 133, 138, 142, 146, 149], [50, 52, 77, 100, 102, 103, 104, 105, 107, 108, 109, 110, 111, 112, 115, 116, 117, 118, 120, 122, 124, 125, 128, 129, 130, 131, 132, 134, 135, 136, 137, 139, 140, 141, 143, 144, 145, 147, 148], [0, 1, 2, 3, 4, 5, 6, 7, 8, 9, 10, 11, 12, 13, 14, 15, 16, 17, 18, 19, 20, 21, 22, 23, 24, 25, 26, 27, 28, 29, 30, 31, 32, 33, 34, 35, 36, 37, 38, 39, 40, 41, 42, 43, 44, 45, 46, 47, 48, 49]]\n",
            "[5.88360655737705 2.740983606557377 4.388524590163935 1.4344262295081966]\n",
            "[6.853846153846153 3.0769230769230766 5.715384615384615 2.053846153846153]\n",
            "[5.005999999999999 3.4180000000000006 1.464 0.2439999999999999]\n",
            "[[5.006      3.418      1.464      0.244     ]\n",
            " [5.88360656 2.74098361 4.38852459 1.43442623]\n",
            " [6.85384615 3.07692308 5.71538462 2.05384615]]\n",
            "[[5.88360656 2.74098361 4.38852459 1.43442623]\n",
            " [6.85384615 3.07692308 5.71538462 2.05384615]\n",
            " [5.006      3.418      1.464      0.244     ]]\n",
            "Distances\n",
            "[3.346416464356445, 1.7884235436555784, 4.988054041834384]\n",
            "[[50, 52, 77, 100, 102, 103, 104, 105, 107, 108, 109, 110, 111, 112, 115, 116, 117, 118, 120, 122, 124, 125, 128, 129, 130, 131, 132, 134, 135, 136, 137, 139, 140, 141, 143, 144, 145, 147, 148], [0, 1, 2, 3, 4, 5, 6, 7, 8, 9, 10, 11, 12, 13, 14, 15, 16, 17, 18, 19, 20, 21, 22, 23, 24, 25, 26, 27, 28, 29, 30, 31, 32, 33, 34, 35, 36, 37, 38, 39, 40, 41, 42, 43, 44, 45, 46, 47, 48, 49], [51, 53, 54, 55, 56, 57, 58, 59, 60, 61, 62, 63, 64, 65, 66, 67, 68, 69, 70, 71, 72, 73, 74, 75, 76, 78, 79, 80, 81, 82, 83, 84, 85, 86, 87, 88, 89, 90, 91, 92, 93, 94, 95, 96, 97, 98, 99, 101, 106, 113, 114, 119, 121, 123, 126, 127, 133, 138, 142, 146, 149]]\n",
            "[6.853846153846153 3.0769230769230766 5.715384615384615 2.053846153846153]\n",
            "[5.005999999999999 3.4180000000000006 1.464 0.2439999999999999]\n",
            "[5.88360655737705 2.740983606557377 4.388524590163935 1.4344262295081966]\n",
            "[[5.88360656 2.74098361 4.38852459 1.43442623]\n",
            " [6.85384615 3.07692308 5.71538462 2.05384615]\n",
            " [5.006      3.418      1.464      0.244     ]]\n",
            "[[6.85384615 3.07692308 5.71538462 2.05384615]\n",
            " [5.006      3.418      1.464      0.244     ]\n",
            " [5.88360656 2.74098361 4.38852459 1.43442623]]\n",
            "Distances\n",
            "[1.7884235436555784, 4.988054041834384, 3.346416464356445]\n",
            "[[0, 1, 2, 3, 4, 5, 6, 7, 8, 9, 10, 11, 12, 13, 14, 15, 16, 17, 18, 19, 20, 21, 22, 23, 24, 25, 26, 27, 28, 29, 30, 31, 32, 33, 34, 35, 36, 37, 38, 39, 40, 41, 42, 43, 44, 45, 46, 47, 48, 49], [51, 53, 54, 55, 56, 57, 58, 59, 60, 61, 62, 63, 64, 65, 66, 67, 68, 69, 70, 71, 72, 73, 74, 75, 76, 78, 79, 80, 81, 82, 83, 84, 85, 86, 87, 88, 89, 90, 91, 92, 93, 94, 95, 96, 97, 98, 99, 101, 106, 113, 114, 119, 121, 123, 126, 127, 133, 138, 142, 146, 149], [50, 52, 77, 100, 102, 103, 104, 105, 107, 108, 109, 110, 111, 112, 115, 116, 117, 118, 120, 122, 124, 125, 128, 129, 130, 131, 132, 134, 135, 136, 137, 139, 140, 141, 143, 144, 145, 147, 148]]\n",
            "[5.005999999999999 3.4180000000000006 1.464 0.2439999999999999]\n",
            "[5.88360655737705 2.740983606557377 4.388524590163935 1.4344262295081966]\n",
            "[6.853846153846153 3.0769230769230766 5.715384615384615 2.053846153846153]\n",
            "[[6.85384615 3.07692308 5.71538462 2.05384615]\n",
            " [5.006      3.418      1.464      0.244     ]\n",
            " [5.88360656 2.74098361 4.38852459 1.43442623]]\n",
            "[[5.006      3.418      1.464      0.244     ]\n",
            " [5.88360656 2.74098361 4.38852459 1.43442623]\n",
            " [6.85384615 3.07692308 5.71538462 2.05384615]]\n",
            "Distances\n",
            "[4.988054041834384, 3.346416464356445, 1.7884235436555784]\n",
            "[[51, 53, 54, 55, 56, 57, 58, 59, 60, 61, 62, 63, 64, 65, 66, 67, 68, 69, 70, 71, 72, 73, 74, 75, 76, 78, 79, 80, 81, 82, 83, 84, 85, 86, 87, 88, 89, 90, 91, 92, 93, 94, 95, 96, 97, 98, 99, 101, 106, 113, 114, 119, 121, 123, 126, 127, 133, 138, 142, 146, 149], [50, 52, 77, 100, 102, 103, 104, 105, 107, 108, 109, 110, 111, 112, 115, 116, 117, 118, 120, 122, 124, 125, 128, 129, 130, 131, 132, 134, 135, 136, 137, 139, 140, 141, 143, 144, 145, 147, 148], [0, 1, 2, 3, 4, 5, 6, 7, 8, 9, 10, 11, 12, 13, 14, 15, 16, 17, 18, 19, 20, 21, 22, 23, 24, 25, 26, 27, 28, 29, 30, 31, 32, 33, 34, 35, 36, 37, 38, 39, 40, 41, 42, 43, 44, 45, 46, 47, 48, 49]]\n",
            "[5.88360655737705 2.740983606557377 4.388524590163935 1.4344262295081966]\n",
            "[6.853846153846153 3.0769230769230766 5.715384615384615 2.053846153846153]\n",
            "[5.005999999999999 3.4180000000000006 1.464 0.2439999999999999]\n",
            "[[5.006      3.418      1.464      0.244     ]\n",
            " [5.88360656 2.74098361 4.38852459 1.43442623]\n",
            " [6.85384615 3.07692308 5.71538462 2.05384615]]\n",
            "[[5.88360656 2.74098361 4.38852459 1.43442623]\n",
            " [6.85384615 3.07692308 5.71538462 2.05384615]\n",
            " [5.006      3.418      1.464      0.244     ]]\n",
            "Distances\n",
            "[3.346416464356445, 1.7884235436555784, 4.988054041834384]\n",
            "[[50, 52, 77, 100, 102, 103, 104, 105, 107, 108, 109, 110, 111, 112, 115, 116, 117, 118, 120, 122, 124, 125, 128, 129, 130, 131, 132, 134, 135, 136, 137, 139, 140, 141, 143, 144, 145, 147, 148], [0, 1, 2, 3, 4, 5, 6, 7, 8, 9, 10, 11, 12, 13, 14, 15, 16, 17, 18, 19, 20, 21, 22, 23, 24, 25, 26, 27, 28, 29, 30, 31, 32, 33, 34, 35, 36, 37, 38, 39, 40, 41, 42, 43, 44, 45, 46, 47, 48, 49], [51, 53, 54, 55, 56, 57, 58, 59, 60, 61, 62, 63, 64, 65, 66, 67, 68, 69, 70, 71, 72, 73, 74, 75, 76, 78, 79, 80, 81, 82, 83, 84, 85, 86, 87, 88, 89, 90, 91, 92, 93, 94, 95, 96, 97, 98, 99, 101, 106, 113, 114, 119, 121, 123, 126, 127, 133, 138, 142, 146, 149]]\n",
            "[6.853846153846153 3.0769230769230766 5.715384615384615 2.053846153846153]\n",
            "[5.005999999999999 3.4180000000000006 1.464 0.2439999999999999]\n",
            "[5.88360655737705 2.740983606557377 4.388524590163935 1.4344262295081966]\n",
            "[[5.88360656 2.74098361 4.38852459 1.43442623]\n",
            " [6.85384615 3.07692308 5.71538462 2.05384615]\n",
            " [5.006      3.418      1.464      0.244     ]]\n",
            "[[6.85384615 3.07692308 5.71538462 2.05384615]\n",
            " [5.006      3.418      1.464      0.244     ]\n",
            " [5.88360656 2.74098361 4.38852459 1.43442623]]\n",
            "Distances\n",
            "[1.7884235436555784, 4.988054041834384, 3.346416464356445]\n",
            "[[0, 1, 2, 3, 4, 5, 6, 7, 8, 9, 10, 11, 12, 13, 14, 15, 16, 17, 18, 19, 20, 21, 22, 23, 24, 25, 26, 27, 28, 29, 30, 31, 32, 33, 34, 35, 36, 37, 38, 39, 40, 41, 42, 43, 44, 45, 46, 47, 48, 49], [51, 53, 54, 55, 56, 57, 58, 59, 60, 61, 62, 63, 64, 65, 66, 67, 68, 69, 70, 71, 72, 73, 74, 75, 76, 78, 79, 80, 81, 82, 83, 84, 85, 86, 87, 88, 89, 90, 91, 92, 93, 94, 95, 96, 97, 98, 99, 101, 106, 113, 114, 119, 121, 123, 126, 127, 133, 138, 142, 146, 149], [50, 52, 77, 100, 102, 103, 104, 105, 107, 108, 109, 110, 111, 112, 115, 116, 117, 118, 120, 122, 124, 125, 128, 129, 130, 131, 132, 134, 135, 136, 137, 139, 140, 141, 143, 144, 145, 147, 148]]\n",
            "[5.005999999999999 3.4180000000000006 1.464 0.2439999999999999]\n",
            "[5.88360655737705 2.740983606557377 4.388524590163935 1.4344262295081966]\n",
            "[6.853846153846153 3.0769230769230766 5.715384615384615 2.053846153846153]\n",
            "[[6.85384615 3.07692308 5.71538462 2.05384615]\n",
            " [5.006      3.418      1.464      0.244     ]\n",
            " [5.88360656 2.74098361 4.38852459 1.43442623]]\n",
            "[[5.006      3.418      1.464      0.244     ]\n",
            " [5.88360656 2.74098361 4.38852459 1.43442623]\n",
            " [6.85384615 3.07692308 5.71538462 2.05384615]]\n",
            "Distances\n",
            "[4.988054041834384, 3.346416464356445, 1.7884235436555784]\n",
            "[[51, 53, 54, 55, 56, 57, 58, 59, 60, 61, 62, 63, 64, 65, 66, 67, 68, 69, 70, 71, 72, 73, 74, 75, 76, 78, 79, 80, 81, 82, 83, 84, 85, 86, 87, 88, 89, 90, 91, 92, 93, 94, 95, 96, 97, 98, 99, 101, 106, 113, 114, 119, 121, 123, 126, 127, 133, 138, 142, 146, 149], [50, 52, 77, 100, 102, 103, 104, 105, 107, 108, 109, 110, 111, 112, 115, 116, 117, 118, 120, 122, 124, 125, 128, 129, 130, 131, 132, 134, 135, 136, 137, 139, 140, 141, 143, 144, 145, 147, 148], [0, 1, 2, 3, 4, 5, 6, 7, 8, 9, 10, 11, 12, 13, 14, 15, 16, 17, 18, 19, 20, 21, 22, 23, 24, 25, 26, 27, 28, 29, 30, 31, 32, 33, 34, 35, 36, 37, 38, 39, 40, 41, 42, 43, 44, 45, 46, 47, 48, 49]]\n",
            "[5.88360655737705 2.740983606557377 4.388524590163935 1.4344262295081966]\n",
            "[6.853846153846153 3.0769230769230766 5.715384615384615 2.053846153846153]\n",
            "[5.005999999999999 3.4180000000000006 1.464 0.2439999999999999]\n",
            "[[5.006      3.418      1.464      0.244     ]\n",
            " [5.88360656 2.74098361 4.38852459 1.43442623]\n",
            " [6.85384615 3.07692308 5.71538462 2.05384615]]\n",
            "[[5.88360656 2.74098361 4.38852459 1.43442623]\n",
            " [6.85384615 3.07692308 5.71538462 2.05384615]\n",
            " [5.006      3.418      1.464      0.244     ]]\n",
            "Distances\n",
            "[3.346416464356445, 1.7884235436555784, 4.988054041834384]\n",
            "[[50, 52, 77, 100, 102, 103, 104, 105, 107, 108, 109, 110, 111, 112, 115, 116, 117, 118, 120, 122, 124, 125, 128, 129, 130, 131, 132, 134, 135, 136, 137, 139, 140, 141, 143, 144, 145, 147, 148], [0, 1, 2, 3, 4, 5, 6, 7, 8, 9, 10, 11, 12, 13, 14, 15, 16, 17, 18, 19, 20, 21, 22, 23, 24, 25, 26, 27, 28, 29, 30, 31, 32, 33, 34, 35, 36, 37, 38, 39, 40, 41, 42, 43, 44, 45, 46, 47, 48, 49], [51, 53, 54, 55, 56, 57, 58, 59, 60, 61, 62, 63, 64, 65, 66, 67, 68, 69, 70, 71, 72, 73, 74, 75, 76, 78, 79, 80, 81, 82, 83, 84, 85, 86, 87, 88, 89, 90, 91, 92, 93, 94, 95, 96, 97, 98, 99, 101, 106, 113, 114, 119, 121, 123, 126, 127, 133, 138, 142, 146, 149]]\n",
            "[6.853846153846153 3.0769230769230766 5.715384615384615 2.053846153846153]\n",
            "[5.005999999999999 3.4180000000000006 1.464 0.2439999999999999]\n",
            "[5.88360655737705 2.740983606557377 4.388524590163935 1.4344262295081966]\n",
            "[[5.88360656 2.74098361 4.38852459 1.43442623]\n",
            " [6.85384615 3.07692308 5.71538462 2.05384615]\n",
            " [5.006      3.418      1.464      0.244     ]]\n",
            "[[6.85384615 3.07692308 5.71538462 2.05384615]\n",
            " [5.006      3.418      1.464      0.244     ]\n",
            " [5.88360656 2.74098361 4.38852459 1.43442623]]\n",
            "Distances\n",
            "[1.7884235436555784, 4.988054041834384, 3.346416464356445]\n",
            "[[0, 1, 2, 3, 4, 5, 6, 7, 8, 9, 10, 11, 12, 13, 14, 15, 16, 17, 18, 19, 20, 21, 22, 23, 24, 25, 26, 27, 28, 29, 30, 31, 32, 33, 34, 35, 36, 37, 38, 39, 40, 41, 42, 43, 44, 45, 46, 47, 48, 49], [51, 53, 54, 55, 56, 57, 58, 59, 60, 61, 62, 63, 64, 65, 66, 67, 68, 69, 70, 71, 72, 73, 74, 75, 76, 78, 79, 80, 81, 82, 83, 84, 85, 86, 87, 88, 89, 90, 91, 92, 93, 94, 95, 96, 97, 98, 99, 101, 106, 113, 114, 119, 121, 123, 126, 127, 133, 138, 142, 146, 149], [50, 52, 77, 100, 102, 103, 104, 105, 107, 108, 109, 110, 111, 112, 115, 116, 117, 118, 120, 122, 124, 125, 128, 129, 130, 131, 132, 134, 135, 136, 137, 139, 140, 141, 143, 144, 145, 147, 148]]\n",
            "[5.005999999999999 3.4180000000000006 1.464 0.2439999999999999]\n",
            "[5.88360655737705 2.740983606557377 4.388524590163935 1.4344262295081966]\n",
            "[6.853846153846153 3.0769230769230766 5.715384615384615 2.053846153846153]\n",
            "[[6.85384615 3.07692308 5.71538462 2.05384615]\n",
            " [5.006      3.418      1.464      0.244     ]\n",
            " [5.88360656 2.74098361 4.38852459 1.43442623]]\n",
            "[[5.006      3.418      1.464      0.244     ]\n",
            " [5.88360656 2.74098361 4.38852459 1.43442623]\n",
            " [6.85384615 3.07692308 5.71538462 2.05384615]]\n",
            "Distances\n",
            "[4.988054041834384, 3.346416464356445, 1.7884235436555784]\n",
            "[[51, 53, 54, 55, 56, 57, 58, 59, 60, 61, 62, 63, 64, 65, 66, 67, 68, 69, 70, 71, 72, 73, 74, 75, 76, 78, 79, 80, 81, 82, 83, 84, 85, 86, 87, 88, 89, 90, 91, 92, 93, 94, 95, 96, 97, 98, 99, 101, 106, 113, 114, 119, 121, 123, 126, 127, 133, 138, 142, 146, 149], [50, 52, 77, 100, 102, 103, 104, 105, 107, 108, 109, 110, 111, 112, 115, 116, 117, 118, 120, 122, 124, 125, 128, 129, 130, 131, 132, 134, 135, 136, 137, 139, 140, 141, 143, 144, 145, 147, 148], [0, 1, 2, 3, 4, 5, 6, 7, 8, 9, 10, 11, 12, 13, 14, 15, 16, 17, 18, 19, 20, 21, 22, 23, 24, 25, 26, 27, 28, 29, 30, 31, 32, 33, 34, 35, 36, 37, 38, 39, 40, 41, 42, 43, 44, 45, 46, 47, 48, 49]]\n",
            "[5.88360655737705 2.740983606557377 4.388524590163935 1.4344262295081966]\n",
            "[6.853846153846153 3.0769230769230766 5.715384615384615 2.053846153846153]\n",
            "[5.005999999999999 3.4180000000000006 1.464 0.2439999999999999]\n",
            "[[5.006      3.418      1.464      0.244     ]\n",
            " [5.88360656 2.74098361 4.38852459 1.43442623]\n",
            " [6.85384615 3.07692308 5.71538462 2.05384615]]\n",
            "[[5.88360656 2.74098361 4.38852459 1.43442623]\n",
            " [6.85384615 3.07692308 5.71538462 2.05384615]\n",
            " [5.006      3.418      1.464      0.244     ]]\n",
            "Distances\n",
            "[3.346416464356445, 1.7884235436555784, 4.988054041834384]\n",
            "[[50, 52, 77, 100, 102, 103, 104, 105, 107, 108, 109, 110, 111, 112, 115, 116, 117, 118, 120, 122, 124, 125, 128, 129, 130, 131, 132, 134, 135, 136, 137, 139, 140, 141, 143, 144, 145, 147, 148], [0, 1, 2, 3, 4, 5, 6, 7, 8, 9, 10, 11, 12, 13, 14, 15, 16, 17, 18, 19, 20, 21, 22, 23, 24, 25, 26, 27, 28, 29, 30, 31, 32, 33, 34, 35, 36, 37, 38, 39, 40, 41, 42, 43, 44, 45, 46, 47, 48, 49], [51, 53, 54, 55, 56, 57, 58, 59, 60, 61, 62, 63, 64, 65, 66, 67, 68, 69, 70, 71, 72, 73, 74, 75, 76, 78, 79, 80, 81, 82, 83, 84, 85, 86, 87, 88, 89, 90, 91, 92, 93, 94, 95, 96, 97, 98, 99, 101, 106, 113, 114, 119, 121, 123, 126, 127, 133, 138, 142, 146, 149]]\n",
            "[6.853846153846153 3.0769230769230766 5.715384615384615 2.053846153846153]\n",
            "[5.005999999999999 3.4180000000000006 1.464 0.2439999999999999]\n",
            "[5.88360655737705 2.740983606557377 4.388524590163935 1.4344262295081966]\n",
            "[[5.88360656 2.74098361 4.38852459 1.43442623]\n",
            " [6.85384615 3.07692308 5.71538462 2.05384615]\n",
            " [5.006      3.418      1.464      0.244     ]]\n",
            "[[6.85384615 3.07692308 5.71538462 2.05384615]\n",
            " [5.006      3.418      1.464      0.244     ]\n",
            " [5.88360656 2.74098361 4.38852459 1.43442623]]\n",
            "Distances\n",
            "[1.7884235436555784, 4.988054041834384, 3.346416464356445]\n",
            "[[0, 1, 2, 3, 4, 5, 6, 7, 8, 9, 10, 11, 12, 13, 14, 15, 16, 17, 18, 19, 20, 21, 22, 23, 24, 25, 26, 27, 28, 29, 30, 31, 32, 33, 34, 35, 36, 37, 38, 39, 40, 41, 42, 43, 44, 45, 46, 47, 48, 49], [51, 53, 54, 55, 56, 57, 58, 59, 60, 61, 62, 63, 64, 65, 66, 67, 68, 69, 70, 71, 72, 73, 74, 75, 76, 78, 79, 80, 81, 82, 83, 84, 85, 86, 87, 88, 89, 90, 91, 92, 93, 94, 95, 96, 97, 98, 99, 101, 106, 113, 114, 119, 121, 123, 126, 127, 133, 138, 142, 146, 149], [50, 52, 77, 100, 102, 103, 104, 105, 107, 108, 109, 110, 111, 112, 115, 116, 117, 118, 120, 122, 124, 125, 128, 129, 130, 131, 132, 134, 135, 136, 137, 139, 140, 141, 143, 144, 145, 147, 148]]\n",
            "[5.005999999999999 3.4180000000000006 1.464 0.2439999999999999]\n",
            "[5.88360655737705 2.740983606557377 4.388524590163935 1.4344262295081966]\n",
            "[6.853846153846153 3.0769230769230766 5.715384615384615 2.053846153846153]\n",
            "[[6.85384615 3.07692308 5.71538462 2.05384615]\n",
            " [5.006      3.418      1.464      0.244     ]\n",
            " [5.88360656 2.74098361 4.38852459 1.43442623]]\n",
            "[[5.006      3.418      1.464      0.244     ]\n",
            " [5.88360656 2.74098361 4.38852459 1.43442623]\n",
            " [6.85384615 3.07692308 5.71538462 2.05384615]]\n",
            "Distances\n",
            "[4.988054041834384, 3.346416464356445, 1.7884235436555784]\n",
            "[[51, 53, 54, 55, 56, 57, 58, 59, 60, 61, 62, 63, 64, 65, 66, 67, 68, 69, 70, 71, 72, 73, 74, 75, 76, 78, 79, 80, 81, 82, 83, 84, 85, 86, 87, 88, 89, 90, 91, 92, 93, 94, 95, 96, 97, 98, 99, 101, 106, 113, 114, 119, 121, 123, 126, 127, 133, 138, 142, 146, 149], [50, 52, 77, 100, 102, 103, 104, 105, 107, 108, 109, 110, 111, 112, 115, 116, 117, 118, 120, 122, 124, 125, 128, 129, 130, 131, 132, 134, 135, 136, 137, 139, 140, 141, 143, 144, 145, 147, 148], [0, 1, 2, 3, 4, 5, 6, 7, 8, 9, 10, 11, 12, 13, 14, 15, 16, 17, 18, 19, 20, 21, 22, 23, 24, 25, 26, 27, 28, 29, 30, 31, 32, 33, 34, 35, 36, 37, 38, 39, 40, 41, 42, 43, 44, 45, 46, 47, 48, 49]]\n",
            "[5.88360655737705 2.740983606557377 4.388524590163935 1.4344262295081966]\n",
            "[6.853846153846153 3.0769230769230766 5.715384615384615 2.053846153846153]\n",
            "[5.005999999999999 3.4180000000000006 1.464 0.2439999999999999]\n",
            "[[5.006      3.418      1.464      0.244     ]\n",
            " [5.88360656 2.74098361 4.38852459 1.43442623]\n",
            " [6.85384615 3.07692308 5.71538462 2.05384615]]\n",
            "[[5.88360656 2.74098361 4.38852459 1.43442623]\n",
            " [6.85384615 3.07692308 5.71538462 2.05384615]\n",
            " [5.006      3.418      1.464      0.244     ]]\n",
            "Distances\n",
            "[3.346416464356445, 1.7884235436555784, 4.988054041834384]\n",
            "[[50, 52, 77, 100, 102, 103, 104, 105, 107, 108, 109, 110, 111, 112, 115, 116, 117, 118, 120, 122, 124, 125, 128, 129, 130, 131, 132, 134, 135, 136, 137, 139, 140, 141, 143, 144, 145, 147, 148], [0, 1, 2, 3, 4, 5, 6, 7, 8, 9, 10, 11, 12, 13, 14, 15, 16, 17, 18, 19, 20, 21, 22, 23, 24, 25, 26, 27, 28, 29, 30, 31, 32, 33, 34, 35, 36, 37, 38, 39, 40, 41, 42, 43, 44, 45, 46, 47, 48, 49], [51, 53, 54, 55, 56, 57, 58, 59, 60, 61, 62, 63, 64, 65, 66, 67, 68, 69, 70, 71, 72, 73, 74, 75, 76, 78, 79, 80, 81, 82, 83, 84, 85, 86, 87, 88, 89, 90, 91, 92, 93, 94, 95, 96, 97, 98, 99, 101, 106, 113, 114, 119, 121, 123, 126, 127, 133, 138, 142, 146, 149]]\n",
            "[6.853846153846153 3.0769230769230766 5.715384615384615 2.053846153846153]\n",
            "[5.005999999999999 3.4180000000000006 1.464 0.2439999999999999]\n",
            "[5.88360655737705 2.740983606557377 4.388524590163935 1.4344262295081966]\n",
            "[[5.88360656 2.74098361 4.38852459 1.43442623]\n",
            " [6.85384615 3.07692308 5.71538462 2.05384615]\n",
            " [5.006      3.418      1.464      0.244     ]]\n",
            "[[6.85384615 3.07692308 5.71538462 2.05384615]\n",
            " [5.006      3.418      1.464      0.244     ]\n",
            " [5.88360656 2.74098361 4.38852459 1.43442623]]\n",
            "Distances\n",
            "[1.7884235436555784, 4.988054041834384, 3.346416464356445]\n",
            "[[0, 1, 2, 3, 4, 5, 6, 7, 8, 9, 10, 11, 12, 13, 14, 15, 16, 17, 18, 19, 20, 21, 22, 23, 24, 25, 26, 27, 28, 29, 30, 31, 32, 33, 34, 35, 36, 37, 38, 39, 40, 41, 42, 43, 44, 45, 46, 47, 48, 49], [51, 53, 54, 55, 56, 57, 58, 59, 60, 61, 62, 63, 64, 65, 66, 67, 68, 69, 70, 71, 72, 73, 74, 75, 76, 78, 79, 80, 81, 82, 83, 84, 85, 86, 87, 88, 89, 90, 91, 92, 93, 94, 95, 96, 97, 98, 99, 101, 106, 113, 114, 119, 121, 123, 126, 127, 133, 138, 142, 146, 149], [50, 52, 77, 100, 102, 103, 104, 105, 107, 108, 109, 110, 111, 112, 115, 116, 117, 118, 120, 122, 124, 125, 128, 129, 130, 131, 132, 134, 135, 136, 137, 139, 140, 141, 143, 144, 145, 147, 148]]\n",
            "[5.005999999999999 3.4180000000000006 1.464 0.2439999999999999]\n",
            "[5.88360655737705 2.740983606557377 4.388524590163935 1.4344262295081966]\n",
            "[6.853846153846153 3.0769230769230766 5.715384615384615 2.053846153846153]\n",
            "[[6.85384615 3.07692308 5.71538462 2.05384615]\n",
            " [5.006      3.418      1.464      0.244     ]\n",
            " [5.88360656 2.74098361 4.38852459 1.43442623]]\n",
            "[[5.006      3.418      1.464      0.244     ]\n",
            " [5.88360656 2.74098361 4.38852459 1.43442623]\n",
            " [6.85384615 3.07692308 5.71538462 2.05384615]]\n",
            "Distances\n",
            "[4.988054041834384, 3.346416464356445, 1.7884235436555784]\n",
            "[[51, 53, 54, 55, 56, 57, 58, 59, 60, 61, 62, 63, 64, 65, 66, 67, 68, 69, 70, 71, 72, 73, 74, 75, 76, 78, 79, 80, 81, 82, 83, 84, 85, 86, 87, 88, 89, 90, 91, 92, 93, 94, 95, 96, 97, 98, 99, 101, 106, 113, 114, 119, 121, 123, 126, 127, 133, 138, 142, 146, 149], [50, 52, 77, 100, 102, 103, 104, 105, 107, 108, 109, 110, 111, 112, 115, 116, 117, 118, 120, 122, 124, 125, 128, 129, 130, 131, 132, 134, 135, 136, 137, 139, 140, 141, 143, 144, 145, 147, 148], [0, 1, 2, 3, 4, 5, 6, 7, 8, 9, 10, 11, 12, 13, 14, 15, 16, 17, 18, 19, 20, 21, 22, 23, 24, 25, 26, 27, 28, 29, 30, 31, 32, 33, 34, 35, 36, 37, 38, 39, 40, 41, 42, 43, 44, 45, 46, 47, 48, 49]]\n",
            "[5.88360655737705 2.740983606557377 4.388524590163935 1.4344262295081966]\n",
            "[6.853846153846153 3.0769230769230766 5.715384615384615 2.053846153846153]\n",
            "[5.005999999999999 3.4180000000000006 1.464 0.2439999999999999]\n",
            "[[5.006      3.418      1.464      0.244     ]\n",
            " [5.88360656 2.74098361 4.38852459 1.43442623]\n",
            " [6.85384615 3.07692308 5.71538462 2.05384615]]\n",
            "[[5.88360656 2.74098361 4.38852459 1.43442623]\n",
            " [6.85384615 3.07692308 5.71538462 2.05384615]\n",
            " [5.006      3.418      1.464      0.244     ]]\n",
            "Distances\n",
            "[3.346416464356445, 1.7884235436555784, 4.988054041834384]\n",
            "[[50, 52, 77, 100, 102, 103, 104, 105, 107, 108, 109, 110, 111, 112, 115, 116, 117, 118, 120, 122, 124, 125, 128, 129, 130, 131, 132, 134, 135, 136, 137, 139, 140, 141, 143, 144, 145, 147, 148], [0, 1, 2, 3, 4, 5, 6, 7, 8, 9, 10, 11, 12, 13, 14, 15, 16, 17, 18, 19, 20, 21, 22, 23, 24, 25, 26, 27, 28, 29, 30, 31, 32, 33, 34, 35, 36, 37, 38, 39, 40, 41, 42, 43, 44, 45, 46, 47, 48, 49], [51, 53, 54, 55, 56, 57, 58, 59, 60, 61, 62, 63, 64, 65, 66, 67, 68, 69, 70, 71, 72, 73, 74, 75, 76, 78, 79, 80, 81, 82, 83, 84, 85, 86, 87, 88, 89, 90, 91, 92, 93, 94, 95, 96, 97, 98, 99, 101, 106, 113, 114, 119, 121, 123, 126, 127, 133, 138, 142, 146, 149]]\n",
            "[6.853846153846153 3.0769230769230766 5.715384615384615 2.053846153846153]\n",
            "[5.005999999999999 3.4180000000000006 1.464 0.2439999999999999]\n",
            "[5.88360655737705 2.740983606557377 4.388524590163935 1.4344262295081966]\n",
            "[[5.88360656 2.74098361 4.38852459 1.43442623]\n",
            " [6.85384615 3.07692308 5.71538462 2.05384615]\n",
            " [5.006      3.418      1.464      0.244     ]]\n",
            "[[6.85384615 3.07692308 5.71538462 2.05384615]\n",
            " [5.006      3.418      1.464      0.244     ]\n",
            " [5.88360656 2.74098361 4.38852459 1.43442623]]\n",
            "Distances\n",
            "[1.7884235436555784, 4.988054041834384, 3.346416464356445]\n",
            "[[0, 1, 2, 3, 4, 5, 6, 7, 8, 9, 10, 11, 12, 13, 14, 15, 16, 17, 18, 19, 20, 21, 22, 23, 24, 25, 26, 27, 28, 29, 30, 31, 32, 33, 34, 35, 36, 37, 38, 39, 40, 41, 42, 43, 44, 45, 46, 47, 48, 49], [51, 53, 54, 55, 56, 57, 58, 59, 60, 61, 62, 63, 64, 65, 66, 67, 68, 69, 70, 71, 72, 73, 74, 75, 76, 78, 79, 80, 81, 82, 83, 84, 85, 86, 87, 88, 89, 90, 91, 92, 93, 94, 95, 96, 97, 98, 99, 101, 106, 113, 114, 119, 121, 123, 126, 127, 133, 138, 142, 146, 149], [50, 52, 77, 100, 102, 103, 104, 105, 107, 108, 109, 110, 111, 112, 115, 116, 117, 118, 120, 122, 124, 125, 128, 129, 130, 131, 132, 134, 135, 136, 137, 139, 140, 141, 143, 144, 145, 147, 148]]\n",
            "[5.005999999999999 3.4180000000000006 1.464 0.2439999999999999]\n",
            "[5.88360655737705 2.740983606557377 4.388524590163935 1.4344262295081966]\n",
            "[6.853846153846153 3.0769230769230766 5.715384615384615 2.053846153846153]\n",
            "[[6.85384615 3.07692308 5.71538462 2.05384615]\n",
            " [5.006      3.418      1.464      0.244     ]\n",
            " [5.88360656 2.74098361 4.38852459 1.43442623]]\n",
            "[[5.006      3.418      1.464      0.244     ]\n",
            " [5.88360656 2.74098361 4.38852459 1.43442623]\n",
            " [6.85384615 3.07692308 5.71538462 2.05384615]]\n",
            "Distances\n",
            "[4.988054041834384, 3.346416464356445, 1.7884235436555784]\n",
            "[[51, 53, 54, 55, 56, 57, 58, 59, 60, 61, 62, 63, 64, 65, 66, 67, 68, 69, 70, 71, 72, 73, 74, 75, 76, 78, 79, 80, 81, 82, 83, 84, 85, 86, 87, 88, 89, 90, 91, 92, 93, 94, 95, 96, 97, 98, 99, 101, 106, 113, 114, 119, 121, 123, 126, 127, 133, 138, 142, 146, 149], [50, 52, 77, 100, 102, 103, 104, 105, 107, 108, 109, 110, 111, 112, 115, 116, 117, 118, 120, 122, 124, 125, 128, 129, 130, 131, 132, 134, 135, 136, 137, 139, 140, 141, 143, 144, 145, 147, 148], [0, 1, 2, 3, 4, 5, 6, 7, 8, 9, 10, 11, 12, 13, 14, 15, 16, 17, 18, 19, 20, 21, 22, 23, 24, 25, 26, 27, 28, 29, 30, 31, 32, 33, 34, 35, 36, 37, 38, 39, 40, 41, 42, 43, 44, 45, 46, 47, 48, 49]]\n",
            "[5.88360655737705 2.740983606557377 4.388524590163935 1.4344262295081966]\n",
            "[6.853846153846153 3.0769230769230766 5.715384615384615 2.053846153846153]\n",
            "[5.005999999999999 3.4180000000000006 1.464 0.2439999999999999]\n",
            "[[5.006      3.418      1.464      0.244     ]\n",
            " [5.88360656 2.74098361 4.38852459 1.43442623]\n",
            " [6.85384615 3.07692308 5.71538462 2.05384615]]\n",
            "[[5.88360656 2.74098361 4.38852459 1.43442623]\n",
            " [6.85384615 3.07692308 5.71538462 2.05384615]\n",
            " [5.006      3.418      1.464      0.244     ]]\n",
            "Distances\n",
            "[3.346416464356445, 1.7884235436555784, 4.988054041834384]\n",
            "[[50, 52, 77, 100, 102, 103, 104, 105, 107, 108, 109, 110, 111, 112, 115, 116, 117, 118, 120, 122, 124, 125, 128, 129, 130, 131, 132, 134, 135, 136, 137, 139, 140, 141, 143, 144, 145, 147, 148], [0, 1, 2, 3, 4, 5, 6, 7, 8, 9, 10, 11, 12, 13, 14, 15, 16, 17, 18, 19, 20, 21, 22, 23, 24, 25, 26, 27, 28, 29, 30, 31, 32, 33, 34, 35, 36, 37, 38, 39, 40, 41, 42, 43, 44, 45, 46, 47, 48, 49], [51, 53, 54, 55, 56, 57, 58, 59, 60, 61, 62, 63, 64, 65, 66, 67, 68, 69, 70, 71, 72, 73, 74, 75, 76, 78, 79, 80, 81, 82, 83, 84, 85, 86, 87, 88, 89, 90, 91, 92, 93, 94, 95, 96, 97, 98, 99, 101, 106, 113, 114, 119, 121, 123, 126, 127, 133, 138, 142, 146, 149]]\n",
            "[6.853846153846153 3.0769230769230766 5.715384615384615 2.053846153846153]\n",
            "[5.005999999999999 3.4180000000000006 1.464 0.2439999999999999]\n",
            "[5.88360655737705 2.740983606557377 4.388524590163935 1.4344262295081966]\n",
            "[[5.88360656 2.74098361 4.38852459 1.43442623]\n",
            " [6.85384615 3.07692308 5.71538462 2.05384615]\n",
            " [5.006      3.418      1.464      0.244     ]]\n",
            "[[6.85384615 3.07692308 5.71538462 2.05384615]\n",
            " [5.006      3.418      1.464      0.244     ]\n",
            " [5.88360656 2.74098361 4.38852459 1.43442623]]\n",
            "Distances\n",
            "[1.7884235436555784, 4.988054041834384, 3.346416464356445]\n",
            "[[0, 1, 2, 3, 4, 5, 6, 7, 8, 9, 10, 11, 12, 13, 14, 15, 16, 17, 18, 19, 20, 21, 22, 23, 24, 25, 26, 27, 28, 29, 30, 31, 32, 33, 34, 35, 36, 37, 38, 39, 40, 41, 42, 43, 44, 45, 46, 47, 48, 49], [51, 53, 54, 55, 56, 57, 58, 59, 60, 61, 62, 63, 64, 65, 66, 67, 68, 69, 70, 71, 72, 73, 74, 75, 76, 78, 79, 80, 81, 82, 83, 84, 85, 86, 87, 88, 89, 90, 91, 92, 93, 94, 95, 96, 97, 98, 99, 101, 106, 113, 114, 119, 121, 123, 126, 127, 133, 138, 142, 146, 149], [50, 52, 77, 100, 102, 103, 104, 105, 107, 108, 109, 110, 111, 112, 115, 116, 117, 118, 120, 122, 124, 125, 128, 129, 130, 131, 132, 134, 135, 136, 137, 139, 140, 141, 143, 144, 145, 147, 148]]\n",
            "[5.005999999999999 3.4180000000000006 1.464 0.2439999999999999]\n",
            "[5.88360655737705 2.740983606557377 4.388524590163935 1.4344262295081966]\n",
            "[6.853846153846153 3.0769230769230766 5.715384615384615 2.053846153846153]\n",
            "[[6.85384615 3.07692308 5.71538462 2.05384615]\n",
            " [5.006      3.418      1.464      0.244     ]\n",
            " [5.88360656 2.74098361 4.38852459 1.43442623]]\n",
            "[[5.006      3.418      1.464      0.244     ]\n",
            " [5.88360656 2.74098361 4.38852459 1.43442623]\n",
            " [6.85384615 3.07692308 5.71538462 2.05384615]]\n",
            "Distances\n",
            "[4.988054041834384, 3.346416464356445, 1.7884235436555784]\n",
            "[[51, 53, 54, 55, 56, 57, 58, 59, 60, 61, 62, 63, 64, 65, 66, 67, 68, 69, 70, 71, 72, 73, 74, 75, 76, 78, 79, 80, 81, 82, 83, 84, 85, 86, 87, 88, 89, 90, 91, 92, 93, 94, 95, 96, 97, 98, 99, 101, 106, 113, 114, 119, 121, 123, 126, 127, 133, 138, 142, 146, 149], [50, 52, 77, 100, 102, 103, 104, 105, 107, 108, 109, 110, 111, 112, 115, 116, 117, 118, 120, 122, 124, 125, 128, 129, 130, 131, 132, 134, 135, 136, 137, 139, 140, 141, 143, 144, 145, 147, 148], [0, 1, 2, 3, 4, 5, 6, 7, 8, 9, 10, 11, 12, 13, 14, 15, 16, 17, 18, 19, 20, 21, 22, 23, 24, 25, 26, 27, 28, 29, 30, 31, 32, 33, 34, 35, 36, 37, 38, 39, 40, 41, 42, 43, 44, 45, 46, 47, 48, 49]]\n",
            "[5.88360655737705 2.740983606557377 4.388524590163935 1.4344262295081966]\n",
            "[6.853846153846153 3.0769230769230766 5.715384615384615 2.053846153846153]\n",
            "[5.005999999999999 3.4180000000000006 1.464 0.2439999999999999]\n",
            "[[5.006      3.418      1.464      0.244     ]\n",
            " [5.88360656 2.74098361 4.38852459 1.43442623]\n",
            " [6.85384615 3.07692308 5.71538462 2.05384615]]\n",
            "[[5.88360656 2.74098361 4.38852459 1.43442623]\n",
            " [6.85384615 3.07692308 5.71538462 2.05384615]\n",
            " [5.006      3.418      1.464      0.244     ]]\n",
